0 0000000 0000000
1 0000000 0000000
2 0000000 0000000
3 0000000 0000000
4 0000000 0000000
5 0000000 0000000
6 0000000 0000000
7 0000000 0000000
8 0000000 0000000
9 0000000 0000000
10 0000000 0000000
11 0000000 0000000
12 0000000 0000000
13 0000000 0000000
14 0000000 0000000
15 0000000 0000000
16 0000000 0000000
17 0000000 0000000
18 0000000 0000000
19 0000000 0000000
20 0000000 0000000
21 0000000 0000000
22 0000000 0000000
23 0000000 0000000
24 0000000 0000000
25 0000000 0000000
26 0000000 0000000
27 0000000 0000000
28 0000000 0000000
29 0000000 0000000
30 0000000 0000000
31 0000000 0000000
32 0000000 0000000
33 0000000 0000000
34 0000000 0000000
35 0000000 0000000
36 0000000 0000000
37 0000000 0000000
38 0000000 0000000
39 0000000 0000000
40 0000000 0000000
41 0000000 0000000
42 0000000 0000000
43 0000000 0000000
44 0000000 0000000
45 0000000 0000000
46 0000000 0000000
47 0000000 0000000
48 0000000 0000000
49 0000000 0000000
50 0000000 0000000
51 0000000 0000000
52 0000000 0000000
53 0000000 0000000
54 0000000 0000000
55 0000000 0000000
56 0000000 0000000
57 0000000 0000000
58 0000000 0000000
59 0000000 0000000
60 0000000 0000000
61 0000000 0000000
62 0000000 0000000
63 0000000 0000000
64 0000000 0000000
65 0000000 0000000
66 0000000 0000000
67 0000000 0000000
68 0000000 0000000
69 0000000 0000000
70 0000000 0000000
71 0000000 0000000
72 0000000 0000000
73 0000000 0000000
74 0000000 0000000
75 0000000 0000000
76 0000000 0000000
77 0000000 0000000
78 0000000 0000000
79 0000000 0000000
80 0000000 0000000
81 0000000 0000000
82 0000000 0000000
83 0000000 0000000
84 0000000 0000000
85 0000000 0000000
86 0000000 0000000
87 0000000 0000000
88 0000000 0000000
89 0000000 0000000
90 0000000 0000000
91 0000000 0000000
92 0000000 0000000
93 0000000 0000000
94 0000000 0000000
95 0000000 0000000
96 0000000 0000000
97 0000000 0000000
98 0000000 0000000
99 0000000 0000000
100 0001000 0000000
101 0001000 0000000
102 0001000 0000000
103 0001000 0000000
104 0001000 0000000
105 0001000 0000000
106 0001000 0000000
107 0001000 0000000
108 0001000 0000000
109 0001000 0000000
110 0001000 0000000
111 0001000 0000000
112 0001000 0000000
113 0001000 0000000
114 0001000 0000000
115 0001000 0000000
116 0001000 0000000
117 0001000 0000000
118 0001000 0000000
119 0001000 0000000
120 0001000 0000000
121 0001000 0000000
122 0001000 0000000
123 0001000 0000000
124 0001000 0000000
125 0001000 0000000
126 0001000 0000000
127 0001000 0000000
128 0001000 0000000
129 0001000 0000000
130 0000000 0000000
131 0000000 0000000
132 0000000 0000000
133 0000000 0000000
134 0000000 0000000
135 0000000 0000000
136 0000000 0000000
137 0000000 0000000
138 0000000 0000000
139 0000000 0000000
140 0000000 0000000
141 0000000 0000000
142 0000000 0000000
143 0000000 0000000
144 0000000 0000000
145 0000000 0000000
146 0000000 0000000
147 0000000 0000000
148 0000000 0000000
149 0000000 0000000
150 0000000 0000000
151 0000000 0000000
152 0000000 0000000
153 0000000 0000000
154 0000000 0000000
155 0000000 0000000
156 0000000 0000000
157 0000000 0000000
158 0000000 0000000
159 0000000 0000000
160 0000000 0000000
161 0000000 0000000
162 0000000 0000000
163 0000000 0000000
164 0000000 0000000
165 0000000 0000000
166 0000000 0000000
167 0000000 0000000
168 0000000 0000000
169 0000000 0000000
170 0000000 0000000
171 0000000 0000000
172 0000000 0000000
173 0000000 0000000
174 0000000 0000000
175 0000000 0000000
176 0000000 0000000
177 0000000 0000000
178 0000000 0000000
179 0000000 0000000
180 0000000 0000000
181 0000000 0000000
182 0000000 0000000
183 0000000 0000000
184 0000000 0000000
185 0000000 0000000
186 0000000 0000000
187 0000000 0000000
188 0000000 0000000
189 0000000 0000000
190 0000000 0000000
191 0000000 0000000
192 0000000 0000000
193 0000000 0000000
194 0000000 0000000
195 0000000 0000000
196 0000000 0000000
197 0000000 0000000
198 0000000 0000000
199 0000000 0000000
200 0000000 0000000
201 0000000 0000000
202 0000000 0000000
203 0000000 0000000
204 0000000 0000000
205 0000000 0000000
206 0000000 0000000
207 0000000 0000000
208 0000000 0000000
209 0000000 0000000
210 0000000 0000000
211 0000000 0000000
212 0000000 0000000
213 0000000 0000000
214 0000000 0000000
215 0000000 0000000
216 0000000 0000000
217 0000000 0000000
218 0000000 0000000
219 0000000 0000000
220 0000000 0000000
221 0000000 0000000
222 0000000 0000000
223 0000000 0000000
224 0000000 0000000
225 0000000 0000000
226 0000000 0000000
227 0000000 0000000
228 0000000 0000000
229 0000000 0000000
230 0000000 0000000
231 0000000 0000000
232 0000000 0000000
233 0000000 0000000
234 0000000 0000000
235 0000000 0000000
236 0000000 0000000
237 0000000 0000000
238 0000000 0000000
239 0000000 0000000
240 0000000 0000000
241 0000000 0000000
242 0000000 0000000
243 1000000 0000000
244 1001000 0000000
245 1001000 0000000
246 1001000 0000000
247 1001000 0000000
248 1001000 0000000
249 1001000 0000000
250 1001000 0000000
251 1001000 0000000
252 1001000 0000000
253 1001000 0000000
254 1001000 0000000
255 1001000 0000000
256 1001000 0000000
257 1001000 0000000
258 1001000 0000000
259 1001000 0000000
260 1001000 0000000
261 1001000 0000000
262 0001000 0000000
263 0000000 0000000
264 0000000 0000000
265 0000000 0000000
266 0000000 0000000
267 0000000 0000000
268 0000000 0000000
269 0000000 0000000
270 0000000 0000000
271 0000000 0000000
272 0000000 0000000
273 0000000 0000000
274 0000000 0000000
275 0000000 0000000
276 0000000 0000000
277 0000000 0000000
278 0000000 0000000
279 0000000 0000000
280 0000000 0000000
281 0000000 0000000
282 0000000 0000000
283 0000000 0000000
284 0000000 0000000
285 0000000 0000000
286 0000000 0000000
287 0000000 0000000
288 0000000 0000000
289 0000000 0000000
290 0000000 0000000
291 0000000 0000000
292 0000000 0000000
293 0000000 0000000
294 0000000 0000000
295 0000000 0000000
296 0010000 0000000
297 1010000 0000000
298 1010000 0000000
299 1010000 0000000
300 1010000 0000000
301 1010000 0000000
302 1010000 0000000
303 1010000 0000000
304 1010000 0000000
305 1010000 0000000
306 1010000 0000000
307 1010000 0000000
308 1010000 0000000
309 1010000 0000000
310 1010000 0000000
311 1010000 0000000
312 1010000 0000000
313 1010000 0000000
314 1010000 0000000
315 1010000 0000000
316 1010000 0000000
317 1010000 0000000
318 1010000 0000000
319 1010000 0000000
320 0000000 0000000
321 0000000 0000000
322 0000000 0000000
323 0000000 0000000
324 0000000 0000000
325 0000000 0000000
326 0000000 0000000
327 0000000 0000000
328 0000000 0000000
329 0000000 0000000
330 0000000 0000000
331 0000000 0000000
332 0000000 0000000
333 0000000 0000000
334 0000000 0000000
335 0000000 0000000
336 0000000 0000000
337 0000000 0000000
338 0000000 0000000
339 0000000 0000000
340 0000000 0000000
341 0000000 0000000
342 0000000 0000000
343 0000000 0000000
344 0000000 0000000
345 0000000 0000000
346 0000000 0000000
347 0000000 0000000
348 0000000 0000000
349 0000000 0000000
350 0000000 0000000
351 0000000 0000000
352 0000000 0000000
353 0000000 0000000
354 0000000 0000000
355 0000000 0000000
356 0000000 0000000
357 0000000 0000000
358 0000000 0000000
359 0000000 0000000
360 0001000 0000000
361 1001000 0000000
362 1001000 0000000
363 1001000 0000000
364 1001000 0000000
365 1001000 0000000
366 1001000 0000000
367 1001000 0000000
368 1001000 0000000
369 1001000 0000000
370 1001000 0000000
371 1001000 0000000
372 1001000 0000000
373 1001000 0000000
374 1001000 0000000
375 1001000 0000000
376 1001000 0000000
377 1001000 0000000
378 1001000 0000000
379 1001000 0000000
380 1001000 0000000
381 0001000 0000000
382 0000000 0000000
383 0000000 0000000
384 0000000 0000000
385 0000000 0000000
386 0000000 0000000
387 0000000 0000000
388 0000000 0000000
389 0000000 0000000
390 0000000 0000000
391 0000000 0000000
392 0000000 0000000
393 0000000 0000000
394 0000000 0000000
395 0000000 0000000
396 0000000 0000000
397 0000000 0000000
398 0000000 0000000
399 0000000 0000000
400 0000000 0000000
401 0000000 0000000
402 0000000 0000000
403 0000000 0000000
404 0000000 0000000
405 0000000 0000000
406 0000000 0000000
407 0000000 0000000
408 0000000 0000000
409 0001000 0000000
410 0001000 0000000
411 0001000 0000000
412 0001000 0000000
413 0001000 0000000
414 0001000 0000000
415 0001000 0000000
416 0001000 0000000
417 0001000 0000000
418 0001000 0000000
419 0001000 0000000
420 0001000 0000000
421 0001000 0000000
422 0001000 0000000
423 0001000 0000000
424 0001000 0000000
425 0001000 0000000
426 0001000 0000000
427 0001000 0000000
428 0001000 0000000
429 0001000 0000000
430 0001000 0000000
431 0001000 0000000
432 0001000 0000000
433 0001000 0000000
434 0001000 0000000
435 0001000 0000000
436 0001000 0000000
437 0001000 0000000
438 0001000 0000000
439 0001000 0000000
440 0001000 0000000
441 0001000 0000000
442 0001000 0000000
443 0001000 0000000
444 0001010 0000000
445 0000010 0000000
446 0000010 0000000
447 0000010 0000000
448 0000010 0000000
449 0000010 0000000
450 0000010 0000000
451 0000010 0000000
452 0000000 0000000
453 0000000 0000000
454 0000000 0000000
455 0000000 0000000
456 0000000 0000000
457 0000000 0000000
458 0000000 0000000
459 0000000 0000000
460 0010000 0000000
461 0010000 0000000
462 0010000 0000000
463 0010000 0000000
464 0010000 0000000
465 0010000 0000000
466 0010000 0000000
467 0010000 0000000
468 0010000 0000000
469 0010000 0000000
470 0010000 0000000
471 0010000 0000000
472 0010000 0000000
473 0010000 0000000
474 0010000 0000000
475 0010000 0000000
476 0010000 0000000
477 0010000 0000000
478 0010000 0000000
479 0010000 0000000
480 0010000 0000000
481 0010000 0000000
482 0010000 0000000
483 0010000 0000000
484 0010000 0000000
485 0010000 0000000
486 0010000 0000000
487 0010000 0000000
488 0010000 0000000
489 0010000 0000000
490 0010000 0000000
491 0010000 0000000
492 0010000 0000000
493 0010000 0000000
494 0010000 0000000
495 0010000 0000000
496 0010000 0000000
497 0010000 0000000
498 0010000 0000000
499 0010000 0000000
500 0010000 0000000
501 0010000 0000000
502 0010000 0000000
503 0010000 0000000
504 0010000 0000000
505 0010000 0000000
506 0010000 0000000
507 0010000 0000000
508 0010000 0000000
509 0010000 0000000
510 0010000 0000000
511 0010000 0000000
512 0010000 0000000
513 0010000 0000000
514 0010000 0000000
515 0010000 0000000
516 0010000 0000000
517 0010000 0000000
518 0010000 0000000
519 0010000 0000000
520 0010000 0000000
521 0010000 0000000
522 0010000 0000000
523 0010000 0000000
524 0010000 0000000
525 0010000 0000000
526 0010000 0000000
527 0010000 0000000
528 0000000 0000000
529 0000000 0000000
530 0000000 0000000
531 0000000 0000000
532 0001000 0000000
533 0001000 0000000
534 0001000 0000000
535 0001000 0000000
536 0001000 0000000
537 0001010 0000000
538 0001010 0000000
539 0001010 0000000
540 0001010 0000000
541 0001010 0000000
542 0001010 0000000
543 0001010 0000000
544 0001010 0000000
545 0001000 0000000
546 0001000 0000000
547 0001000 0000000
548 0001000 0000000
549 0001000 0000000
550 0001000 0000000
551 0001000 0000000
552 0001000 0000000
553 0001000 0000000
554 0001000 0000000
555 0001000 0000000
556 0001000 0000000
557 0001000 0000000
558 0001000 0000000
559 0001000 0000000
560 0001000 0000000
561 0001000 0000000
562 0001000 0000000
563 0001000 0000000
564 0001000 0000000
565 0001000 0000000
566 0001000 0000000
567 0001000 0000000
568 0001000 0000000
569 0001000 0000000
570 0001000 0000000
571 0001000 0000000
572 0001000 0000000
573 0001000 0000000
574 0001000 0000000
575 0001000 0000000
576 0001000 0000000
577 0001000 0000000
578 0001000 0000000
579 0001000 0000000
580 0001000 0000000
581 0001000 0000000
582 0001000 0000000
583 0001000 0000000
584 0001000 0000000
585 0001000 0000000
586 0001000 0000000
587 0001000 0000000
588 0001000 0000000
589 0001000 0000000
590 0001000 0000000
591 0001000 0000000
592 0001000 0000000
593 0001000 0000000
594 0001000 0000000
595 0001000 0000000
596 0001000 0000000
597 0001000 0000000
598 0001000 0000000
599 0001000 0000000
600 0001000 0000000
601 0001000 0000000
602 0001000 0000000
603 0001000 0000000
604 0001000 0000000
605 0001010 0000000
606 0001010 0000000
607 0001010 0000000
608 0001010 0000000
609 0001010 0000000
610 0001000 0000000
611 0001000 0000000
612 0001000 0000000
613 0001000 0000000
614 0001000 0000000
615 0001000 0000000
616 0000000 0000000
617 0010000 0000000
618 0010000 0000000
619 0010000 0000000
620 0010000 0000000
621 0010000 0000000
622 0010000 0000000
623 0010000 0000000
624 0010000 0000000
625 0010000 0000000
626 0010000 0000000
627 0010000 0000000
628 0010000 0000000
629 0010000 0000000
630 0010000 0000000
631 0010000 0000000
632 0010000 0000000
633 0010000 0000000
634 0010000 0000000
635 0010000 0000000
636 0010000 0000000
637 0010000 0000000
638 0010000 0000000
639 0010000 0000000
640 0010000 0000000
641 0010000 0000000
642 0010000 0000000
643 0010000 0000000
644 0010000 0000000
645 0010000 0000000
646 0010000 0000000
647 0010000 0000000
648 0010000 0000000
649 0010000 0000000
650 0010000 0000000
651 0010000 0000000
652 0010000 0000000
653 0010000 0000000
654 0010000 0000000
655 0010000 0000000
656 0010000 0000000
657 0010000 0000000
658 0010000 0000000
659 0000000 0000000
660 0000000 0000000
661 0000000 0000000
662 0000000 0000000
663 0001000 0000000
664 0001000 0000000
665 0001000 0000000
666 0001000 0000000
667 0001000 0000000
668 0001000 0000000
669 0001000 0000000
670 0001000 0000000
671 0001000 0000000
672 0001000 0000000
673 0001000 0000000
674 0001000 0000000
675 0001000 0000000
676 0001000 0000000
677 0001000 0000000
678 0001000 0000000
679 0001000 0000000
680 0001000 0000000
681 0001000 0000000
682 0001000 0000000
683 0001000 0000000
684 0001000 0000000
685 0001000 0000000
686 0001000 0000000
687 0001000 0000000
688 0001000 0000000
689 0001000 0000000
690 0001000 0000000
691 0000000 0000000
692 0000000 0000000
693 0000000 0000000
694 0000000 0000000
695 0000000 0000000
696 0000000 0000000
697 0000000 0000000
698 0000000 0000000
699 0000000 0000000
700 0000000 0000000
701 0000000 0000000
702 0000000 0000000
703 0000000 0000000
704 0000000 0000000
705 0000000 0000000
706 0000000 0000000
707 0000000 0000000
708 0000000 0000000
709 0000000 0000000
710 0000000 0000000
711 0000000 0000000
712 0000000 0000000
713 0000000 0000000
714 0000000 0000000
715 0000000 0000000
716 0000000 0000000
717 0000000 0000000
718 0000000 0000000
719 0000000 0000000
720 0000000 0000000
721 0000000 0000000
722 0000000 0000000
723 0000000 0000000
724 0010000 0000000
725 0010000 0000000
726 0010000 0000000
727 0010000 0000000
728 0010000 0000000
729 0010000 0000000
730 0010000 0000000
731 0010000 0000000
732 0010000 0000000
733 0010000 0000000
734 0010000 0000000
735 0010000 0000000
736 0000000 0000000
737 0000000 0000000
738 0000100 0000000
739 0000100 0000000
740 0000100 0000000
741 0000100 0000000
742 0000100 0000000
743 0000100 0000000
744 0000100 0000000
745 0000000 0000000
746 0000000 0000000
747 0000000 0000000
748 0000000 0000000
749 0000000 0000000
750 0001000 0000000
751 0001000 0000000
752 0001000 0000000
753 0001000 0000000
754 0001000 0000000
755 0001000 0000000
756 0001000 0000000
757 0001000 0000000
758 0001000 0000000
759 0001000 0000000
760 0001000 0000000
761 0001000 0000000
762 0001000 0000000
763 0001000 0000000
764 0001000 0000000
765 0001000 0000000
766 0001000 0000000
767 0001000 0000000
768 0001000 0000000
769 0001000 0000000
770 0001000 0000000
771 0001000 0000000
772 0001000 0000000
773 0001000 0000000
774 0001000 0000000
775 0001000 0000000
776 0001000 0000000
777 0001000 0000000
778 0001100 0000000
779 0001100 0000000
780 0001100 0000000
781 0001100 0000000
782 0001100 0000000
783 0001000 0000000
784 0000000 0000000
785 0000000 0000000
786 0000000 0000000
787 0000000 0000000
788 0000000 0000000
789 0010000 0000000
790 0010000 0000000
791 0010000 0000000
792 0010000 0000000
793 0010000 0000000
794 0010000 0000000
795 0010000 0000000
796 0010000 0000000
797 0010000 0000000
798 0010000 0000000
799 0010000 0000000
800 0010000 0000000
801 0010000 0000000
802 0010000 0000000
803 0010000 0000000
804 0010000 0000000
805 0010000 0000000
806 0010000 0000000
807 0010000 0000000
808 0010000 0000000
809 0010000 0000000
810 0010000 0000000
811 0010000 0000000
812 0010000 0000000
813 0010000 0000000
814 0010000 0000000
815 0010000 0000000
816 0010000 0000000
817 0010000 0000000
818 0010000 0000000
819 0010000 0000000
820 0010000 0000000
821 0010000 0000000
822 0010000 0000000
823 0010000 0000000
824 0010010 0000000
825 0010010 0000000
826 0010010 0000000
827 0010010 0000000
828 0010010 0000000
829 0010010 0000000
830 0010000 0000000
831 0010000 0000000
832 0010000 0000000
833 0010000 0000000
834 0010000 0000000
835 0010000 0000000
836 0010000 0000000
837 0010000 0000000
838 0010000 0000000
839 0010000 0000000
840 0010000 0000000
841 0010000 0000000
842 0010000 0000000
843 0010000 0000000
844 0010000 0000000
845 0010000 0000000
846 0010000 0000000
847 0010000 0000000
848 0010000 0000000
849 0010000 0000000
850 0010000 0000000
851 0010000 0000000
852 0010000 0000000
853 0010000 0000000
854 0010000 0000000
855 0010000 0000000
856 0010000 0000000
857 0010000 0000000
858 0010000 0000000
859 0010000 0000000
860 0010000 0000000
861 0010000 0000000
862 0010000 0000000
863 0010000 0000000
864 0010000 0000000
865 0010000 0000000
866 0010000 0000000
867 0010000 0000000
868 0010000 0000000
869 0010000 0000000
870 0010000 0000000
871 0010000 0000000
872 0010000 0000000
873 0000000 0000000
874 0000000 0000000
875 0000000 0000000
876 0000000 0000000
877 0000000 0000000
878 0000000 0000000
879 0001000 0000000
880 0001000 0000000
881 0001000 0000000
882 0001000 0000000
883 0001000 0000000
884 0001000 0000000
885 0001000 0000000
886 0001000 0000000
887 0001000 0000000
888 0001000 0000000
889 0001000 0000000
890 0001000 0000000
891 0001000 0000000
892 0001000 0000000
893 0001000 0000000
894 0001000 0000000
895 1000000 0000000
896 1000000 0000000
897 0000000 0000000
898 0000000 0000000
899 0000000 0000000
900 0000000 0000000
901 0000000 0000000
902 0000000 0000000
903 0000000 0000000
904 0000000 0000000
905 0010000 0000000
906 0010000 0000000
907 0010000 0000000
908 0010000 0000000
909 0010000 0000000
910 0010000 0000000
911 0010000 0000000
912 0010000 0000000
913 0010000 0000000
914 0010000 0000000
915 0010000 0000000
916 0010000 0000000
917 0010000 0000000
918 0010000 0000000
919 0010000 0000000
920 0010000 0000000
921 0010000 0000000
922 0010000 0000000
923 0010000 0000000
924 0010000 0000000
925 0010000 0000000
926 0010000 0000000
927 0000000 0000000
928 0000000 0000000
929 0000000 0000000
930 0000000 0000000
931 0000000 0000000
932 0000000 0000000
933 0000000 0000000
934 0000000 0000000
935 0000000 0000000
936 0000000 0000000
937 0000000 0000000
938 0000000 0000000
939 0000000 0000000
940 0000000 0000000
941 0000000 0000000
942 0000000 0000000
943 0000000 0000000
944 0000000 0000000
945 0000000 0000000
946 0000000 0000000
947 0010000 0000000
948 0010000 0000000
949 0010000 0000000
950 0010000 0000000
951 0010000 0000000
952 0010000 0000000
953 0010000 0000000
954 0010000 0000000
955 0010000 0000000
956 0010000 0000000
957 0010000 0000000
958 0010000 0000000
959 0010000 0000000
960 0010000 0000000
961 0010000 0000000
962 0010000 0000000
963 0010000 0000000
964 0010000 0000000
965 0010000 0000000
966 0010000 0000000
967 0010000 0000000
968 0010000 0000000
969 0010000 0000000
970 0010000 0000000
971 0010000 0000000
972 0010000 0000000
973 0010000 0000000
974 0010000 0000000
975 0010000 0000000
976 0010000 0000000
977 0010000 0000000
978 0010000 0000000
979 0010000 0000000
980 0010010 0000000
981 0010010 0000000
982 0010010 0000000
983 0010010 0000000
984 0010010 0000000
985 0010000 0000000
986 0010000 0000000
987 0010000 0000000
988 0010000 0000000
989 0010000 0000000
990 0010000 0000000
991 0010000 0000000
992 0010000 0000000
993 0010000 0000000
994 0000000 0000000
995 0000010 0000000
996 0000010 0000000
997 0000010 0000000
998 0000000 0000000
999 0000000 0000000
1000 0000000 0000000
1001 0001000 0000000
1002 0001000 0000000
1003 0001000 0000000
1004 0001000 0000000
1005 0001000 0000000
1006 0001000 0000000
1007 0001000 0000000
1008 0001000 0000000
1009 0001000 0000000
1010 0001000 0000000
1011 0001000 0000000
1012 0001000 0000000
1013 0001000 0000000
1014 0001000 0000000
1015 0001000 0000000
1016 0001010 0000000
1017 0001010 0000000
1018 0001010 0000000
1019 0001010 0000000
1020 0001010 0000000
1021 0001010 0000000
1022 0001000 0000000
1023 0001000 0000000
1024 0001000 0000000
1025 0001000 0000000
1026 0001000 0000000
1027 0001000 0000000
1028 0001000 0000000
1029 0001000 0000000
1030 0001000 0000000
1031 0001000 0000000
1032 0000000 0000000
1033 0000000 0000000
1034 0000000 0000000
1035 0000000 0000000
1036 0010000 0000000
1037 0010000 0000000
1038 0010000 0000000
1039 0010000 0000000
1040 0010000 0000000
1041 0010000 0000000
1042 0010000 0000000
1043 0010000 0000000
1044 0010000 0000000
1045 0010000 0000000
1046 0010000 0000000
1047 0010000 0000000
1048 0010000 0000000
1049 0010000 0000000
1050 0010010 0000000
1051 0010010 0000000
1052 0010010 0000000
1053 0010010 0000000
1054 0010010 0000000
1055 0010010 0000000
1056 0010010 0000000
1057 0010000 0000000
1058 0010000 0000000
1059 0010000 0000000
1060 0010000 0000000
1061 0010000 0000000
1062 0010000 0000000
1063 0010010 0000000
1064 0010010 0000000
1065 0010010 0000000
1066 0010010 0000000
1067 0010010 0000000
1068 0010010 0000000
1069 0010000 0000000
1070 0010000 0000000
1071 0010000 0000000
1072 0010000 0000000
1073 0010000 0000000
1074 0010000 0000000
1075 0010000 0000000
1076 0010000 0000000
1077 0010000 0000000
1078 0010000 0000000
1079 0010000 0000000
1080 0010000 0000000
1081 0010000 0000000
1082 0010000 0000000
1083 0010000 0000000
1084 0010000 0000000
1085 0010000 0000000
1086 0010010 0000000
1087 0010010 0000000
1088 0010010 0000000
1089 0010010 0000000
1090 0010010 0000000
1091 0010010 0000000
1092 0010010 0000000
1093 0010000 0000000
1094 0010000 0000000
1095 0010000 0000000
1096 0010000 0000000
1097 0010010 0000000
1098 0010010 0000000
1099 0010010 0000000
1100 0010010 0000000
1101 0010010 0000000
1102 0010010 0000000
1103 0010010 0000000
1104 0010000 0000000
1105 0010000 0000000
1106 0000000 0000000
1107 0000000 0000000
1108 0000000 0000000
1109 0000000 0000000
1110 0000000 0000000
1111 0000000 0000000
1112 0000000 0000000
1113 0000000 0000000
1114 0000000 0000000
1115 0000000 0000000
1116 0000000 0000000
1117 0000000 0000000
1118 0000000 0000000
1119 0000000 0000000
1120 0000000 0000000
1121 0000000 0000000
1122 0000000 0000000
1123 0000000 0000000
1124 0000000 0000000
1125 0000010 0000000
1126 0000010 0000000
1127 0000010 0000000
1128 0000010 0000000
1129 0000010 0000000
1130 0000010 0000000
1131 0000010 0000000
1132 0000010 0000000
1133 0000010 0000000
1134 0000010 0000000
1135 0000010 0000000
1136 0000010 0000000
1137 0000010 0000000
1138 0000000 0000000
1139 0000000 0000000
1140 0000000 0000000
1141 0000000 0000000
1142 0000000 0000000
1143 0000100 0000000
1144 0000100 0000000
1145 0000100 0000000
1146 0000100 0000000
1147 0000100 0000000
1148 0000100 0000000
1149 0000100 0000000
1150 0000100 0000000
1151 0000100 0000000
1152 0000100 0000000
1153 0000100 0000000
1154 0000100 0000000
1155 0000100 0000000
1156 0000100 0000000
1157 0000100 0000000
1158 0000100 0000000
1159 0000100 0000000
1160 0000100 0000000
1161 0000100 0000000
1162 0000100 0000000
1163 0000100 0000000
1164 0000100 0000000
1165 0000100 0000000
1166 0000100 0000000
1167 0000100 0000000
1168 0000100 0000000
1169 0000100 0000000
1170 0000100 0000000
1171 0000100 0000000
1172 1000110 0000000
1173 1010110 0000000
1174 1010110 0000000
1175 1010110 0000000
1176 1010110 0000000
1177 1010010 0000000
1178 0010010 0000000
1179 0010010 0000000
1180 0010010 0000000
1181 0010000 0000000
1182 0010000 0000000
1183 0010000 0000000
1184 0010000 0000000
1185 0010000 0000000
1186 0010000 0000000
1187 0010000 0000000
1188 0010000 0000000
1189 0010000 0000000
1190 0010000 0000000
1191 0010000 0000000
1192 0010000 0000000
1193 0010000 0000000
1194 0010000 0000000
1195 0010000 0000000
1196 0010000 0000000
1197 0010000 0000000
1198 0010000 0000000
1199 0010000 0000000
1200 0010000 0000000
1201 0010000 0000000
1202 0010000 0000000
1203 0010000 0000000
1204 0010000 0000000
1205 0010000 0000000
1206 0010000 0000000
1207 0010000 0000000
1208 0010000 0000000
1209 0010000 0000000
1210 0010000 0000000
1211 0010000 0000000
1212 0010000 0000000
1213 0010000 0000000
1214 0010000 0000000
1215 0010000 0000000
1216 0010000 0000000
1217 0010000 0000000
1218 0010000 0000000
1219 0010000 0000000
1220 0000000 0000000
1221 0000000 0000000
1222 0001000 0000000
1223 0001000 0000000
1224 0001000 0000000
1225 0001000 0000000
1226 0001000 0000000
1227 0001000 0000000
1228 0001000 0000000
1229 0001100 0000000
1230 0001110 0000000
1231 0001110 0000000
1232 0001110 0000000
1233 0001110 0000000
1234 0001110 0000000
1235 0001110 0000000
1236 0001110 0000000
1237 0001110 0000000
1238 0001110 0000000
1239 0001110 0000000
1240 0001100 0000000
1241 0001100 0000000
1242 0001100 0000000
1243 1001000 0000000
1244 1001000 0000000
1245 1001000 0000000
1246 1001000 0000000
1247 1001000 0000000
1248 1001000 0000000
1249 1001000 0000000
1250 1001000 0000000
1251 1001000 0000000
1252 1001000 0000000
1253 1001000 0000000
1254 1001000 0000000
1255 1001000 0000000
1256 1001000 0000000
1257 1001000 0000000
1258 1001100 0000000
1259 1001110 0000000
1260 1001110 0000000
1261 1001110 0000000
1262 1001110 0000000
1263 1001110 0000000
1264 1001110 0000000
1265 1001110 0000000
1266 1001110 0000000
1267 1001110 0000000
1268 1001110 0000000
1269 1001110 0000000
1270 1001110 0000000
1271 1001110 0000000
1272 1001110 0000000
1273 1001100 0000000
1274 1001000 0000000
1275 1001000 0000000
1276 1001000 0000000
1277 1001000 0000000
1278 1001000 0000000
1279 1001000 0000000
1280 1001010 0000000
1281 1001010 0000000
1282 1001110 0000000
1283 1001110 0000000
1284 1001110 0000000
1285 1001110 0000000
1286 1001010 0000000
1287 1001010 0000000
1288 1001010 0000000
1289 1001000 0000000
1290 1001000 0000000
1291 1000000 0000000
1292 1000000 0000000
1293 1000000 0000000
1294 1000000 0000000
1295 1000000 0000000
1296 1000000 0000000
1297 1010000 0000000
1298 1010000 0000000
1299 1010000 0000000
1300 1010000 0000000
1301 1010000 0000000
1302 1010000 0000000
1303 1010000 0000000
1304 1010000 0000000
1305 1010000 0000000
1306 1010000 0000000
1307 1010000 0000000
1308 1010000 0000000
1309 1010110 0000000
1310 1010110 0000000
1311 1010110 0000000
1312 1010110 0000000
1313 1010110 0000000
1314 1010110 0000000
1315 1010110 0000000
1316 1010110 0000000
1317 1010110 0000000
1318 1010110 0000000
1319 1010110 0000000
1320 1010110 0000000
1321 1010110 0000000
1322 1010110 0000000
1323 1010110 0000000
1324 1010100 0000000
1325 1010100 0000000
1326 1010000 0000000
1327 1010000 0000000
1328 1010000 0000000
1329 1010000 0000000
1330 1010000 0000000
1331 1010000 0000000
1332 1010000 0000000
1333 1010000 0000000
1334 1010000 0000000
1335 1010000 0000000
1336 1010000 0000000
1337 1010000 0000000
1338 1010000 0000000
1339 1010000 0000000
1340 1010000 0000000
1341 1010000 0000000
1342 1010000 0000000
1343 1010000 0000000
1344 1010000 0000000
1345 1010000 0000000
1346 1010000 0000000
1347 1010000 0000000
1348 1010000 0000000
1349 1010000 0000000
1350 1010000 0000000
1351 1010000 0000000
1352 1010000 0000000
1353 1010000 0000000
1354 1010000 0000000
1355 1010000 0000000
1356 1010000 0000000
1357 1010000 0000000
1358 1010000 0000000
1359 1010000 0000000
1360 1010000 0000000
1361 1010000 0000000
1362 1000000 0000000
1363 1000010 0000000
1364 1000010 0000000
1365 1000010 0000000
1366 1000010 0000000
1367 1000010 0000000
1368 1000010 0000000
1369 1000010 0000000
1370 1000010 0000000
1371 1000010 0000000
1372 1000010 0000000
1373 1000000 0000000
1374 1000000 0000000
1375 1000000 0000000
1376 1000000 0000000
1377 1000000 0000000
1378 1000000 0000000
1379 1000000 0000000
1380 1000000 0000000
1381 1000000 0000000
1382 1000000 0000000
1383 1000000 0000000
1384 1000000 0000000
1385 1000000 0000000
1386 1000000 0000000
1387 1000000 0000000
1388 1000000 0000000
1389 1000000 0000000
1390 1000000 0000000
1391 1000000 0000000
1392 1000000 0000000
1393 1000000 0000000
1394 1001000 0000000
1395 1001000 0000000
1396 1001000 0000000
1397 1001000 0000000
1398 1001000 0000000
1399 1001000 0000000
1400 1001000 0000000
1401 1001000 0000000
1402 1001000 0000000
1403 1001000 0000000
1404 1001000 0000000
1405 1001000 0000000
1406 1001000 0000000
1407 1001000 0000000
1408 1001000 0000000
1409 1001000 0000000
1410 1001000 0000000
1411 1001000 0000000
1412 1001000 0000000
1413 1001000 0000000
1414 1001000 0000000
1415 1001000 0000000
1416 1001000 0000000
1417 1001010 0000000
1418 1001010 0000000
1419 1001010 0000000
1420 1001010 0000000
1421 1001010 0000000
1422 1001010 0000000
1423 1001010 0000000
1424 1001010 0000000
1425 1001000 0000000
1426 1001000 0000000
1427 1001000 0000000
1428 1001000 0000000
1429 1001000 0000000
1430 1001000 0000000
1431 1001000 0000000
1432 1001000 0000000
1433 1001010 0000000
1434 1001010 0000000
1435 1001010 0000000
1436 1001010 0000000
1437 1001010 0000000
1438 1001010 0000000
1439 1001000 0000000
1440 1001000 0000000
1441 1001000 0000000
1442 1001000 0000000
1443 1001000 0000000
1444 1001000 0000000
1445 1001000 0000000
1446 1001000 0000000
1447 1001000 0000000
1448 1001000 0000000
1449 1001000 0000000
1450 1001000 0000000
1451 0001000 0000000
1452 0001000 0000000
1453 0001000 0000000
1454 0000000 0000000
1455 0000000 0000000
1456 0000000 0000000
1457 0000000 0000000
1458 0000000 0000000
1459 0000000 0000000
1460 0000000 0000000
1461 0000000 0000000
1462 0000000 0000000
1463 0000000 0000000
1464 0000000 0000000
1465 0010000 0000000
1466 0010000 0000000
1467 0010000 0000000
1468 0010000 0000000
1469 0010000 0000000
1470 0010000 0000000
1471 0010000 0000000
1472 0010000 0000000
1473 0010000 0000000
1474 0010000 0000000
1475 0010010 0000000
1476 0010010 0000000
1477 0010010 0000000
1478 0010010 0000000
1479 0010010 0000000
1480 0010010 0000000
1481 0010000 0000000
1482 0010000 0000000
1483 0010000 0000000
1484 0010000 0000000
1485 0010000 0000000
1486 0010010 0000000
1487 0010010 0000000
1488 0010010 0000000
1489 0010010 0000000
1490 0010010 0000000
1491 0010000 0000000
1492 0010000 0000000
1493 0010000 0000000
1494 0010000 0000000
1495 0010000 0000000
1496 0010000 0000000
1497 0010000 0000000
1498 0010000 0000000
1499 0010000 0000000
1500 0010000 0000000
1501 0010000 0000000
1502 0010000 0000000
1503 0010000 0000000
1504 0010000 0000000
1505 0010000 0000000
1506 0010000 0000000
1507 0010000 0000000
1508 0010000 0000000
1509 0010000 0000000
1510 0010000 0000000
1511 0010000 0000000
1512 0010000 0000000
1513 0010000 0000000
1514 0010000 0000000
1515 0010010 0000000
1516 0010010 0000000
1517 0010010 0000000
1518 0010010 0000000
1519 0010010 0000000
1520 0010010 0000000
1521 0010000 0000000
1522 0010000 0000000
1523 0010000 0000000
1524 0010000 0000000
1525 0010000 0000000
1526 0010000 0000000
1527 0010000 0000000
1528 0010000 0000000
1529 0010000 0000000
1530 0010000 0000000
1531 0010000 0000000
1532 0010000 0000000
1533 0010000 0000000
1534 0010000 0000000
1535 0010000 0000000
1536 0010010 0000000
1537 0010010 0000000
1538 0010010 0000000
1539 0010010 0000000
1540 0010010 0000000
1541 0010000 0000000
1542 0010000 0000000
1543 0010000 0000000
1544 0010000 0000000
1545 0000010 0000000
1546 0000010 0000000
1547 0000010 0000000
1548 0000010 0000000
1549 0000010 0000000
1550 0000000 0000000
1551 0000000 0000000
1552 0000000 0000000
1553 0000000 0000000
1554 0000000 0000000
1555 0000010 0000000
1556 0000010 0000000
1557 0000010 0000000
1558 0000010 0000000
1559 0000010 0000000
1560 0000000 0000000
1561 0000000 0000000
1562 0000000 0000000
1563 0000000 0000000
1564 0000000 0000000
1565 0000010 0000000
1566 0000010 0000000
1567 0000010 0000000
1568 0000000 0000000
1569 0000000 0000000
1570 0000000 0000000
1571 0000000 0000000
1572 0000000 0000000
1573 0000010 0000000
1574 0010010 0000000
1575 0010010 0000000
1576 0010010 0000000
1577 0010010 0000000
1578 0010000 0000000
1579 0010000 0000000
1580 0010000 0000000
1581 0010000 0000000
1582 0010010 0000000
1583 0010010 0000000
1584 0010010 0000000
1585 0010000 0000000
1586 0010000 0000000
1587 0010000 0000000
1588 0010000 0000000
1589 0010000 0000000
1590 0010010 0000000
1591 0010010 0000000
1592 0010010 0000000
1593 0010010 0000000
1594 0010010 0000000
1595 0010010 0000000
1596 0010000 0000000
1597 0010000 0000000
1598 0010000 0000000
1599 0010010 0000000
1600 0010010 0000000
1601 0010010 0000000
1602 0010010 0000000
1603 0010000 0000000
1604 0010000 0000000
1605 0010000 0000000
1606 0010000 0000000
1607 0010010 0000000
1608 0010010 0000000
1609 0010010 0000000
1610 0010010 0000000
1611 0010000 0000000
1612 0010000 0000000
1613 0010000 0000000
1614 0010000 0000000
1615 0010010 0000000
1616 0010010 0000000
1617 0010010 0000000
1618 0010010 0000000
1619 0010000 0000000
1620 0010000 0000000
1621 0010000 0000000
1622 0010000 0000000
1623 0010000 0000000
1624 0010010 0000000
1625 0010010 0000000
1626 0010010 0000000
1627 0010010 0000000
1628 0010000 0000000
1629 0010000 0000000
1630 0010000 0000000
1631 0010010 0000000
1632 0010010 0000000
1633 0010010 0000000
1634 0010010 0000000
1635 0010010 0000000
1636 0010000 0000000
1637 0010000 0000000
1638 0010000 0000000
1639 0010000 0000000
1640 0010000 0000000
1641 0010010 0000000
1642 0010010 0000000
1643 0010010 0000000
1644 0010010 0000000
1645 0010000 0000000
1646 0010000 0000000
1647 0010000 0000000
1648 0010000 0000000
1649 0010000 0000000
1650 0010000 0000000
1651 0010010 0000000
1652 0010010 0000000
1653 0010010 0000000
1654 0010000 0000000
1655 0010000 0000000
1656 0010000 0000000
1657 0010000 0000000
1658 0010000 0000000
1659 0010010 0000000
1660 0010010 0000000
1661 0010010 0000000
1662 0010000 0000000
1663 0010000 0000000
1664 0010000 0000000
1665 0010010 0000000
1666 0010010 0000000
1667 0010010 0000000
1668 0010010 0000000
1669 0010010 0000000
1670 0010010 0000000
1671 0010000 0000000
1672 0010000 0000000
1673 0010000 0000000
1674 0010010 0000000
1675 0010010 0000000
1676 0010010 0000000
1677 0010010 0000000
1678 0010010 0000000
1679 0010000 0000000
1680 0010000 0000000
1681 0010000 0000000
1682 0010000 0000000
1683 0010010 0000000
1684 0010010 0000000
1685 0010010 0000000
1686 0010010 0000000
1687 0010000 0000000
1688 0010000 0000000
1689 0010000 0000000
1690 0010010 0000000
1691 0010010 0000000
1692 0010010 0000000
1693 0010010 0000000
1694 0010010 0000000
1695 0010000 0000000
1696 0010000 0000000
1697 0010000 0000000
1698 0010000 0000000
1699 0010010 0000000
1700 0010010 0000000
1701 0010010 0000000
1702 0010010 0000000
1703 0010010 0000000
1704 0010000 0000000
1705 0010000 0000000
1706 0010000 0000000
1707 0010000 0000000
1708 0010000 0000000
1709 0010010 0000000
1710 0010010 0000000
1711 0010010 0000000
1712 0010010 0000000
1713 0010000 0000000
1714 0010000 0000000
1715 0010000 0000000
1716 0010000 0000000
1717 0010010 0000000
1718 0010010 0000000
1719 0010010 0000000
1720 0010010 0000000
1721 0010010 0000000
1722 0010010 0000000
1723 0010000 0000000
1724 0010000 0000000
1725 0010000 0000000
1726 0010010 0000000
1727 0010010 0000000
1728 0010010 0000000
1729 0010010 0000000
1730 0010010 0000000
1731 0010000 0000000
1732 0010000 0000000
1733 0010000 0000000
1734 0010010 0000000
1735 0010010 0000000
1736 0010010 0000000
1737 0010010 0000000
1738 0010010 0000000
1739 0010010 0000000
1740 0010000 0000000
1741 0010000 0000000
1742 0010000 0000000
1743 0010010 0000000
1744 0010010 0000000
1745 0010010 0000000
1746 0010010 0000000
1747 0010010 0000000
1748 0010000 0000000
1749 0010000 0000000
1750 0010000 0000000
1751 0010000 0000000
1752 0010000 0000000
1753 0010010 0000000
1754 0010010 0000000
1755 0010010 0000000
1756 0010010 0000000
1757 0010000 0000000
1758 0010000 0000000
1759 0010000 0000000
1760 0010000 0000000
1761 0010000 0000000
1762 0010010 0000000
1763 0010010 0000000
1764 0010010 0000000
1765 0010000 0000000
1766 0010000 0000000
1767 0010000 0000000
1768 0010000 0000000
1769 0010000 0000000
1770 0010000 0000000
1771 0010010 0000000
1772 0010010 0000000
1773 0010010 0000000
1774 0010000 0000000
1775 0010000 0000000
1776 0010000 0000000
1777 0010000 0000000
1778 0010000 0000000
1779 0010000 0000000
1780 0010010 0000000
1781 0010010 0000000
1782 0010010 0000000
1783 0010000 0000000
1784 0010000 0000000
1785 0010000 0000000
1786 0010000 0000000
1787 0010000 0000000
1788 0010010 0000000
1789 0010010 0000000
1790 0010010 0000000
1791 0010010 0000000
1792 0010000 0000000
1793 0010000 0000000
1794 0010000 0000000
1795 0010000 0000000
1796 0010000 0000000
1797 0010010 0000000
1798 0010010 0000000
1799 0010010 0000000
1800 0010010 0000000
1801 0010000 0000000
1802 0010000 0000000
1803 0010000 0000000
1804 0010000 0000000
1805 0010000 0000000
1806 0010010 0000000
1807 0010010 0000000
1808 0010010 0000000
1809 0010000 0000000
1810 0010000 0000000
1811 0010000 0000000
1812 0010000 0000000
1813 0010010 0000000
1814 0010010 0000000
1815 0010010 0000000
1816 0010010 0000000
1817 0010010 0000000
1818 0010010 0000000
1819 0010000 0000000
1820 0010000 0000000
1821 0010000 0000000
1822 0010010 0000000
1823 0010010 0000000
1824 0010010 0000000
1825 0010010 0000000
1826 0010010 0000000
1827 0010010 0000000
1828 0010000 0000000
1829 0010000 0000000
1830 0010000 0000000
1831 0010010 0000000
1832 0010010 0000000
1833 0010010 0000000
1834 0010010 0000000
1835 0010010 0000000
1836 0010000 0000000
1837 0010000 0000000
1838 0010000 0000000
1839 0010000 0000000
1840 0010010 0000000
1841 0010010 0000000
1842 0010010 0000000
1843 0010010 0000000
1844 0010000 0000000
1845 0010000 0000000
1846 0010000 0000000
1847 0010000 0000000
1848 0010000 0000000
1849 0010000 0000000
1850 0010010 0000000
1851 0010010 0000000
1852 0010010 0000000
1853 0010010 0000000
1854 0010000 0000000
1855 0010000 0000000
1856 0010000 0000000
1857 0010000 0000000
1858 0010000 0000000
1859 0010010 0000000
1860 0010010 0000000
1861 0010010 0000000
1862 0010010 0000000
1863 0010000 0000000
1864 0010000 0000000
1865 0010000 0000000
1866 0010000 0000000
1867 0010000 0000000
1868 0010000 0000000
1869 0010000 0000000
1870 0010010 0000000
1871 0010010 0000000
1872 0010000 0000000
1873 0010000 0000000
1874 0010000 0000000
1875 0010000 0000000
1876 0010000 0000000
1877 0010000 0000000
1878 0010010 0000000
1879 0010010 0000000
1880 0010010 0000000
1881 0010010 0000000
1882 0010000 0000000
1883 0010000 0000000
1884 0010000 0000000
1885 0010000 0000000
1886 0010000 0000000
1887 0010010 0000000
1888 0010010 0000000
1889 0010010 0000000
1890 0010010 0000000
1891 0010000 0000000
1892 0010000 0000000
1893 0010000 0000000
1894 0010000 0000000
1895 0010000 0000000
1896 0010000 0000000
1897 0010010 0000000
1898 0010010 0000000
1899 0010010 0000000
1900 0010010 0000000
1901 0010000 0000000
1902 0010000 0000000
1903 0010000 0000000
1904 0010000 0000000
1905 0010000 0000000
1906 0010000 0000000
1907 0010010 0000000
1908 0010010 0000000
1909 0010010 0000000
1910 0010000 0000000
1911 0010000 0000000
1912 0010000 0000000
1913 0010000 0000000
1914 0010010 0000000
1915 0010010 0000000
1916 0010010 0000000
1917 0010010 0000000
1918 0010010 0000000
1919 0010010 0000000
1920 0010000 0000000
1921 0010000 0000000
1922 0010000 0000000
1923 0010010 0000000
1924 0010010 0000000
1925 0010010 0000000
1926 0010010 0000000
1927 0010010 0000000
1928 0010010 0000000
1929 0010010 0000000
1930 0010010 0000000
1931 0010000 0000000
1932 0010000 0000000
1933 0010000 0000000
1934 0010010 0000000
1935 0010010 0000000
1936 0010010 0000000
1937 0010010 0000000
1938 0010010 0000000
1939 0010010 0000000
1940 0010010 0000000
1941 0010000 0000000
1942 0010000 0000000
1943 0010000 0000000
1944 0010010 0000000
1945 0010010 0000000
1946 0010010 0000000
1947 0010010 0000000
1948 0010010 0000000
1949 0010010 0000000
1950 0010010 0000000
1951 0010010 0000000
1952 0010010 0000000
1953 0010000 0000000
1954 0010000 0000000
1955 0010000 0000000
1956 0010010 0000000
1957 0010010 0000000
1958 0010010 0000000
1959 0010010 0000000
1960 0010010 0000000
1961 0010010 0000000
1962 0010000 0000000
1963 0010000 0000000
1964 0010000 0000000
1965 0010000 0000000
1966 0010010 0000000
1967 0010010 0000000
1968 0010010 0000000
1969 0010010 0000000
1970 0010010 0000000
1971 0010010 0000000
1972 0010000 0000000
1973 0010000 0000000
1974 0010000 0000000
1975 0010010 0000000
1976 0010010 0000000
1977 0010010 0000000
1978 0010010 0000000
1979 0010010 0000000
1980 0010010 0000000
1981 0010000 0000000
1982 0010000 0000000
1983 0010000 0000000
1984 0010000 0000000
1985 0010010 0000000
1986 0010010 0000000
1987 0010010 0000000
1988 0010010 0000000
1989 0010010 0000000
1990 0010010 0000000
1991 0010000 0000000
1992 0010000 0000000
1993 0010000 0000000
1994 0010010 0000000
1995 0010010 0000000
1996 0010010 0000000
1997 0010010 0000000
1998 0010010 0000000
1999 0010000 0000000
2000 0010000 0000000
2001 0010000 0000000
2002 0010000 0000000
2003 0010010 0000000
2004 0010010 0000000
2005 0010010 0000000
2006 0010010 0000000
2007 0010010 0000000
2008 0010010 0000000
2009 0010000 0000000
2010 0010000 0000000
2011 0010000 0000000
2012 0010010 0000000
2013 0010010 0000000
2014 0010010 0000000
2015 0010010 0000000
2016 0010010 0000000
2017 0010000 0000000
2018 0010000 0000000
2019 0010000 0000000
2020 0010000 0000000
2021 0010010 0000000
2022 0010010 0000000
2023 0010010 0000000
2024 0010010 0000000
2025 0010010 0000000
2026 0010010 0000000
2027 0010010 0000000
2028 0010000 0000000
2029 0010000 0000000
2030 0010000 0000000
2031 0010000 0000000
2032 0010000 0000000
2033 0010000 0000000
2034 0010000 0000000
2035 0010000 0000000
2036 0010000 0000000
2037 0010000 0000000
2038 0010000 0000000
2039 0010000 0000000
2040 0010000 0000000
2041 0010000 0000000
2042 0010000 0000000
2043 0010000 0000000
2044 0010000 0000000
2045 0010000 0000000
2046 0010000 0000000
2047 0010000 0000000
2048 0010000 0000000
2049 0010000 0000000
2050 0010000 0000000
2051 0010000 0000000
2052 0010000 0000000
2053 0010000 0000000
2054 0010000 0000000
2055 0010000 0000000
2056 0010000 0000000
2057 0010000 0000000
2058 0010000 0000000
2059 0010000 0000000
2060 0010000 0000000
2061 0010000 0000000
2062 0010000 0000000
2063 0010000 0000000
2064 0010000 0000000
2065 0010000 0000000
2066 0010000 0000000
2067 0010010 0000000
2068 0010010 0000000
2069 0010010 0000000
2070 0010010 0000000
2071 0010010 0000000
2072 0010010 0000000
2073 0010010 0000000
2074 0010010 0000000
2075 0010000 0000000
2076 0010000 0000000
2077 0010000 0000000
2078 0010000 0000000
2079 0010000 0000000
2080 0010000 0000000
2081 0010000 0000000
2082 0010000 0000000
2083 0010010 0000000
2084 0000010 0000000
2085 0000010 0000000
2086 0000000 0000000
2087 0000000 0000000
2088 0000000 0000000
2089 0000000 0000000
2090 0000000 0000000
2091 0000000 0000000
2092 0000000 0000000
2093 0000000 0000000
2094 0000000 0000000
2095 0000000 0000000
2096 0000000 0000000
2097 0000000 0000000
2098 0000000 0000000
2099 0000000 0000000
2100 0000000 0000000
2101 0000000 0000000
2102 0000000 0000000
2103 0000000 0000000
2104 0000000 0000000
2105 0000000 0000000
2106 0000000 0000000
2107 0000000 0000000
2108 0000000 0000000
2109 0000000 0000000
2110 0000000 0000000
2111 0000000 0000000
2112 0000000 0000000
2113 0000000 0000000
2114 0000000 0000000
2115 0000000 0000000
2116 0000000 0000000
2117 0000000 0000000
2118 0000000 0000000
2119 0000000 0000000
2120 0000000 0000000
2121 0000000 0000000
2122 0000000 0000000
2123 0000000 0000000
2124 0000000 0000000
2125 0000000 0000000
2126 0000000 0000000
2127 0000000 0000000
2128 0000000 0000000
2129 0000000 0000000
2130 0000000 0000000
2131 0000000 0000000
2132 0000000 0000000
2133 0010000 0000000
2134 0010000 0000000
2135 0010000 0000000
2136 0010000 0000000
2137 0010000 0000000
2138 0010000 0000000
2139 0000000 0000000
2140 0000000 0000000
2141 0000000 0000000
2142 0000000 0000000
2143 0000000 0000000
2144 0000000 0000000
2145 0000000 0000000
2146 0000000 0000000
2147 0000000 0000000
2148 0000000 0000000
2149 0000000 0000000
2150 0000000 0000000
2151 0000000 0000000
2152 0000000 0000000
2153 0000000 0000000
2154 0000000 0000000
2155 0000000 0000000
2156 0000000 0000000
2157 0000000 0000000
2158 0000000 0000000
2159 0000000 0000000
2160 0000000 0000000
2161 0000000 0000000
2162 0000000 0000000
2163 0000000 0000000
2164 0000000 0000000
2165 0000000 0000000
2166 0000000 0000000
2167 0000000 0000000
2168 0000000 0000000
2169 0000000 0000000
2170 0000000 0000000
2171 0000000 0000000
2172 0000000 0000000
2173 0000000 0000000
2174 0000000 0000000
2175 0000000 0000000
2176 0000000 0000000
2177 0000000 0000000
2178 0000000 0000000
2179 0000000 0000000
2180 0000000 0000000
2181 0000000 0000000
2182 0000000 0000000
2183 0000000 0000000
2184 0000000 0000000
2185 0000000 0000000
2186 0000000 0000000
2187 0000000 0000000
2188 0000000 0000000
2189 0000000 0000000
2190 0000000 0000000
2191 0000000 0000000
2192 0000000 0000000
2193 0000000 0000000
2194 0000000 0000000
2195 0000000 0000000
2196 0000000 0000000
2197 0000000 0000000
2198 0000000 0000000
2199 0000000 0000000
2200 0000000 0000000
2201 0000000 0000000
2202 0000000 0000000
2203 0000000 0000000
2204 0000000 0000000
2205 0000000 0000000
2206 0001000 0000000
2207 0001000 0000000
2208 0001000 0000000
2209 0001000 0000000
2210 0001000 0000000
2211 0001000 0000000
2212 0001000 0000000
2213 0001000 0000000
2214 0001000 0000000
2215 0001000 0000000
2216 0001100 0000000
2217 0001100 0000000
2218 0001100 0000000
2219 0001100 0000000
2220 0001100 0000000
2221 0001000 0000000
2222 0001000 0000000
2223 0001000 0000000
2224 0001000 0000000
2225 0001000 0000000
2226 0001000 0000000
2227 0001000 0000000
2228 0001000 0000000
2229 0001000 0000000
2230 0001000 0000000
2231 0001000 0000000
2232 0001000 0000000
2233 0001000 0000000
2234 0001000 0000000
2235 0001000 0000000
2236 0001000 0000000
2237 0001000 0000000
2238 0001000 0000000
2239 0001000 0000000
2240 0001000 0000000
2241 0001000 0000000
2242 0001000 0000000
2243 0001000 0000000
2244 0001000 0000000
2245 0001000 0000000
2246 0001000 0000000
2247 0001000 0000000
2248 0001000 0000000
2249 0001000 0000000
2250 0001100 0000000
2251 0001100 0000000
2252 0001100 0000000
2253 0001100 0000000
2254 0001100 0000000
2255 1001100 0000000
2256 1001100 0000000
2257 1001100 0000000
2258 1001100 0000000
2259 1001100 0000000
2260 1001100 0000000
2261 1000100 0000000
2262 1000110 0000000
2263 1000110 0000000
2264 1000110 0000000
2265 1000110 0000000
2266 1000110 0000000
2267 1000110 0000000
2268 1000110 0000000
2269 1000110 0000000
2270 1000110 0000000
2271 1000110 0000000
2272 1000110 0000000
2273 1000110 0000000
2274 1000110 0000000
2275 1000110 0000000
2276 1000110 0000000
2277 1000110 0000000
2278 1000110 0000000
2279 1000110 0000000
2280 1000110 0000000
2281 1000110 0000000
2282 1000110 0000000
2283 1000110 0000000
2284 1000110 0000000
2285 1000110 0000000
2286 1000110 0000000
2287 1000110 0000000
2288 1000110 0000000
2289 1000110 0000000
2290 1000110 0000000
2291 1000110 0000000
2292 1000110 0000000
2293 1000110 0000000
2294 1000110 0000000
2295 1000110 0000000
2296 1000010 0000000
2297 1000010 0000000
2298 1000010 0000000
2299 1000010 0000000
2300 1000010 0000000
2301 1000010 0000000
2302 1000010 0000000
2303 1000010 0000000
2304 1000010 0000000
2305 1000010 0000000
2306 1001010 0000000
2307 1001010 0000000
2308 1001010 0000000
2309 1001110 0000000
2310 1001110 0000000
2311 1001110 0000000
2312 1001110 0000000
2313 1001110 0000000
2314 1001110 0000000
2315 1001110 0000000
2316 1001110 0000000
2317 1001110 0000000
2318 1001110 0000000
2319 1001110 0000000
2320 1001110 0000000
2321 1001110 0000000
2322 1001110 0000000
2323 1001110 0000000
2324 1001110 0000000
2325 1001110 0000000
2326 1001110 0000000
2327 1001110 0000000
2328 1001110 0000000
2329 1001110 0000000
2330 1000110 0000000
2331 1000110 0000000
2332 1000110 0000000
2333 1000110 0000000
2334 1000110 0000000
2335 1000110 0000000
2336 1000110 0000000
2337 1000110 0000000
2338 0000110 0000000
2339 0000110 0000000
2340 0000110 0000000
2341 0000110 0000000
2342 0000110 0000000
2343 0001110 0000000
2344 0001110 0000000
2345 0001110 0000000
2346 0001110 0000000
2347 0001110 0000000
2348 0001110 0000000
2349 0001110 0000000
2350 0001110 0000000
2351 0001110 0000000
2352 0001110 0000000
2353 0001110 0000000
2354 0001110 0000000
2355 0001010 0000000
2356 0001010 0000000
2357 0001010 0000000
2358 0001010 0000000
2359 0001110 0000000
2360 0001110 0000000
2361 0001110 0000000
2362 0001100 0000000
2363 0001100 0000000
2364 0001100 0000000
2365 0001100 0000000
2366 1001100 0000000
2367 1001100 0000000
2368 1001100 0000000
2369 1010100 0000000
2370 1010110 0000000
2371 1010110 0000000
2372 1010110 0000000
2373 1010110 0000000
2374 1010110 0000000
2375 1010010 0000000
2376 1010010 0000000
2377 1010010 0000000
2378 1010110 0000000
2379 1001110 0000000
2380 1001100 0000000
2381 1001100 0000000
2382 1001100 0000000
2383 1001100 0000000
2384 1001110 0000000
2385 1001110 0000000
2386 1001110 0000000
2387 1001110 0000000
2388 1001110 0000000
2389 1001110 0000000
2390 1001110 0000000
2391 1001110 0000000
2392 1001110 0000000
2393 1001110 0000000
2394 1000100 0000000
2395 1000100 0000000
2396 1000100 0000000
2397 1000100 0000000
2398 1000110 0000000
2399 1000110 0000000
2400 1000010 0000000
2401 1000010 0000000
2402 1000010 0000000
2403 1000110 0000000
2404 1000110 0000000
2405 1000100 0000000
2406 1000100 0000000
2407 1000100 0000000
2408 1000100 0000000
2409 1000100 0000000
2410 1000100 0000000
2411 1000110 0000000
2412 1001110 0000000
2413 1001010 0000000
2414 1001010 0000000
2415 0001010 0000000
2416 0001010 0000000
2417 0001110 0000000
2418 0001110 0000000
2419 1001110 0000000
2420 1001100 0000000
2421 1000100 0000000
2422 1000100 0000000
2423 1000100 0000000
2424 1000100 0000000
2425 1000110 0000000
2426 1000110 0000000
2427 1000010 0000000
2428 0000010 0000000
2429 0000110 0000000
2430 0001110 0000000
2431 0001100 0000000
2432 0001100 0000000
2433 0001100 0000000
2434 0001100 0000000
2435 0001100 0000000
2436 1001110 0000000
2437 1001010 0000000
2438 1000010 0000000
2439 1010010 0000000
2440 1010010 0000000
2441 1010110 0000000
2442 1010100 0000000
2443 1010100 0000000
2444 1000100 0000000
2445 1000100 0000000
2446 1001100 0000000
2447 1001010 0000000
2448 1001010 0000000
2449 1001010 0000000
2450 1001110 0000000
2451 1001100 0000000
2452 1001100 0000000
2453 1001100 0000000
2454 1001100 0000000
2455 1000100 0000000
2456 1000010 0000000
2457 1000010 0000000
2458 1000010 0000000
2459 1000010 0000000
2460 1000010 0000000
2461 1000110 0000000
2462 1000100 0000000
2463 1000100 0000000
2464 0000100 0000000
2465 0001100 0000000
2466 0001110 0000000
2467 0001010 0000000
2468 0001010 0000000
2469 0001010 0000000
2470 0001010 0000000
2471 0001010 0000000
2472 1001110 0000000
2473 1001110 0000000
2474 1001100 0000000
2475 1001100 0000000
2476 1000100 0000000
2477 1000100 0000000
2478 0000110 0000000
2479 0000110 0000000
2480 0000010 0000000
2481 0000010 0000000
2482 0000010 0000000
2483 0000110 0000000
2484 0000110 0000000
2485 0001100 0000000
2486 0001100 0000000
2487 0001100 0000000
2488 0101100 0000000
2489 0101100 0000000
2490 0100100 0000000
2491 0100110 0000000
2492 0100010 0000000
2493 0100010 0000000
2494 0100010 0000000
2495 0000010 0000000
2496 0000110 0000000
2497 0000110 0000000
2498 0000100 0000000
2499 0000000 0000000
